149
147.126
145.252
143.38
141.51
139.644
137.782
135.925
134.074
132.23
130.393
128.564
126.744
124.934
123.134
121.346
119.57
117.806
116.056
114.319
112.598
110.892
109.201
107.528
105.871
104.233
102.612
101.01
99.4278
97.8651
96.3225
94.8005
93.2995
91.8199
90.362
88.9261
87.5126
86.1217
84.7536
83.4087
82.087
80.7888
79.5143
78.2635
77.0366
75.8336
74.6546
73.4997
72.3688
71.262
70.1792
69.1204
68.0856
67.0745
66.0872
65.1235
64.1833
63.2663
62.3725
61.5015
60.6533
59.8276
59.0242
58.2428
57.4831
56.7449
56.0279
55.3317
54.6562
54.0009
53.3656
52.7499
52.1534
51.5759
51.017
50.4763
49.9535
49.4481
48.9599
48.4885
48.0335
47.5945
47.1711
46.763
46.3698
45.9911
45.6266
45.2758
44.9385
44.6142
44.3026
44.0032
43.7159
43.4401
43.1756
42.9221
42.679
42.4462
42.2233
42.01
41.806
41.6108
41.4243
41.2462
41.0761
40.9137
40.7588
40.611
40.4702
40.336
40.2083
40.0866
39.9709
39.8608
39.7562
39.6568
39.5624
39.4727
39.3876
39.307
39.2305
39.158
39.0893
39.0243
38.9627
38.9045
38.8495
38.7975
38.7483
38.7019
38.6581
38.6168
38.5779
38.5411
38.5065
38.474
38.4433
38.4144
38.3873
38.3618
38.3378
38.3153
38.2941
38.2743
38.2557
38.2383
38.2219
38.2066
38.1923
38.1789
38.1663
38.1546
38.1436
38.1334
38.1238
38.1149
38.1066
38.0988
38.0916
38.0848
38.0785
38.0727
38.0672
38.0622
38.0575
38.0531
38.0491
38.0453
38.0418
38.0386
38.0355
38.0328
38.0302
38.0278
38.0256
38.0235
38.0217
38.0199
38.0183
38.0168
38.0154
38.0142
38.013
38.0119
38.0109
38.01
38.0092
38.0084
38.0077
38.007
38.0064
38.0059
38.0054
38.0049
38.0045
38.0041
38.0037
38.0034
38.0031
38.0028
38.0026
38.0023
38.0021
38.0019
38.0017
38.0016
38.0014
38.0013
38.0012
38.0011
38.001
38.0009
38.0008
38.0007
38.0007
38.0006
38.0005
38.0005
38.0004
38.0004
38.0004
38.0003
38.0003
38.0003
38.0002
38.0002
38.0002
38.0002
38.0002
38.0001
38.0001
38.0001
38.0001
38.0001
38.0001
38.0001
38.0001
38.0001
38.0001
38
38
38
38
38
38
38
38
38
38
38
38
38
38
38
38
38
38
38
38
38
38
38
38
38
38
38
38
38
38
38
38
38
38
38
38
38
38
38
38
38
38
38
38
38
38
38
38
38
38
38
38
38
38
38
38
38
38
38
38
38
38
38
38
38
38
38
38
38
38
38
38
38
38
38
38
38
38
38
38
38
38
38
38
38
38
38
38
38
38
38
38
38
38
38
38
38
38
38
38
38
38
38
38
38
38
38
38
38
38
38
38
38
38
38
38
38
38
38
38
38
38
38
38
38
38
38
38
38
38
38
38
38
38
38
38
38
38
38
38
38
38
38
38.0001
38.0001
38.0001
38.0001
38.0001
38.0001
38.0001
38.0001
38.0001
38.0001
38.0002
38.0002
38.0002
38.0002
38.0002
38.0003
38.0003
38.0003
38.0004
38.0004
38.0004
38.0005
38.0005
38.0006
38.0007
38.0007
38.0008
38.0009
38.001
38.0011
38.0012
38.0013
38.0014
38.0016
38.0017
38.0019
38.0021
38.0023
38.0026
38.0028
38.0031
38.0034
38.0037
38.0041
38.0045
38.0049
38.0054
38.0059
38.0064
38.007
38.0077
38.0084
38.0092
38.01
38.0109
38.0119
38.013
38.0142
38.0154
38.0168
38.0183
38.0199
38.0217
38.0235
38.0256
38.0278
38.0302
38.0328
38.0355
38.0386
38.0418
38.0453
38.0491
38.0531
38.0575
38.0622
38.0672
38.0727
38.0785
38.0848
38.0916
38.0988
38.1066
38.1149
38.1238
38.1334
38.1436
38.1546
38.1663
38.1789
38.1923
38.2066
38.2219
38.2383
38.2557
38.2743
38.2941
38.3153
38.3378
38.3618
38.3873
38.4144
38.4433
38.474
38.5065
38.5411
38.5779
38.6168
38.6581
38.7019
38.7483
38.7975
38.8495
38.9045
38.9627
39.0243
39.0893
39.158
39.2305
39.307
39.3876
39.4727
39.5624
39.6568
39.7562
39.8608
39.9709
40.0866
40.2083
40.336
40.4702
40.611
40.7588
40.9137
41.0761
41.2462
41.4243
41.6108
41.806
42.01
42.2233
42.4462
42.679
42.9221
43.1756
43.4401
43.7159
44.0032
44.3026
44.6142
44.9385
45.2758
45.6266
45.9911
46.3698
46.763
47.1711
47.5945
48.0335
48.4885
48.9599
49.4481
49.9535
50.4763
51.017
51.5759
52.1534
52.7499
53.3656
54.0009
54.6562
55.3317
56.0279
56.7449
57.4831
58.2428
59.0242
59.8276
60.6533
61.5015
62.3725
63.2663
64.1833
65.1235
66.0872
67.0745
68.0856
69.1204
70.1792
71.262
72.3688
73.4997
74.6546
75.8336
77.0366
78.2635
79.5143
80.7888
82.087
83.4087
84.7536
86.1217
87.5126
88.9261
90.362
91.8199
93.2995
94.8005
96.3225
97.8651
99.4278
101.01
102.612
104.233
105.871
107.528
109.201
110.892
112.598
114.319
116.056
117.806
119.57
121.346
123.134
124.934
126.744
128.564
130.393
132.23
134.074
135.925
137.782
139.644
141.51
143.38
145.252
